{
    "MAE": 0.03936642219433885,
    "MSE": 0.005634847377138385,
    "R2": -0.00037526403251786355
}