{
    "MAE": 0.03517733047385379,
    "MSE": 0.00440622733590267,
    "R2": 0.21774618911161348
}