{
    "MAE": 0.01077923885682868,
    "MSE": 0.000629907221233853,
    "R2": 0.8881702448030067
}