{
    "MAE": 0.022303779186839262,
    "MSE": 0.001614679111382294,
    "R2": 0.713340054438677
}