{
    "MAE": 0.015277451229619175,
    "MSE": 0.0010069124050419728,
    "R2": 0.821239122262966
}