{
    "MAE": 0.031850071013843344,
    "MSE": 0.0032616921065833867,
    "R2": 0.4209397550758185
}