{
    "MAE": 0.0312214952735338,
    "MSE": 0.0027644084943668173,
    "R2": 0.5092243511925693
}