{
    "MAE": 0.00921658447331479,
    "MSE": 0.0005646604045009371,
    "R2": 0.8997537531303643
}