{
    "MAE": 0.015410486996194968,
    "MSE": 0.0011994299656046658,
    "R2": 0.7870607687799289
}